tree
version=v4
num_class=1
num_tree_per_iteration=1
label_index=0
max_feature_idx=43
objective=binary sigmoid:1
feature_names=faults_1 faults_7 faults_30 faults_90 fault_days_30 fault_days_90 days_since_fault power_1 power_7 power_30 unknown_7 unknown_30 invalid_7 invalid_30 alarms_7 alarms_30 warnings_7 readings_1 readings_mean_7 readings_mean_30 readings_ratio silent_days_7 days_since_msg num_avg_1 num_delta_7 num_std_7 num_range_1 node_faults_1 node_faults_7 node_power_1 node_power_7 num_max_1 num_max_7 num_max_trend high_days_30 exceed_days_90 days_since_exceed events_1 events_mean_7 events_ratio alarm_days_30 days_since_alarm last_state sensor_type
feature_infos=[0:434] [0:17023] [0:23577] [0:23835] [0:21] [0:35] [0:999] none none none [0:568] [0:1226] [0:17023] [0:23576] [0:1421] [0:1421] [0:8450] [0:21561] [0:20168.572265625] [0:19124.333984375] [0:29.740184783935547] [0:7] [0:999] [-0.084954597055912018:0.73322540521621704] [-0.73514372110366821:0.53187912702560425] [0:2.5550017356872559] [0:1.0499999523162842] [0:5471] [0:24772] [0:7864] [0:27600] [-0.070000000298023224:0.99000000953674316] [-0.059999998658895493:42.599998474121094] [-1.8214285373687744:0.76499998569488525] [0:25] [0:27] [1:999] [0:10] [0:1.5714285373687744] [0:7.5] [0:17] [0:999] -1:0:7:3:5 none
tree_sizes=3379 3408 3436 3439 3420

Tree=0
num_leaves=31
num_cat=0
split_feature=32 35 30 11 6 32 19 32 6 30 28 30 26 32 11 28 33 28 21 38 34 6 31 21 15 22 19 20 20 15
split_gain=18084 21087 7550.72 3315.55 2137.66 1794.27 1519.11 1386.58 1271.38 1187.9 793.915 1035.8 688.938 620.37 592.266 585.899 583.72 474.164 381.504 370.106 365.018 343.649 339.874 421.021 327.318 294.796 270.975 247.761 244.51 238.808
threshold=0.9350000023841859 1.5000000000000002 412.50000000000006 7.5000000000000009 18.500000000000004 0.13499999791383746 67.649997711181655 2.1950000524520878 16.500000000000004 202.50000000000003 47.500000000000007 358.50000000000006 0.034999999217689044 1.1950000524520876 2.5000000000000004 453.50000000000006 -0.16928571462631223 487.50000000000006 1.0000000180025095e-35 1.0000000180025095e-35 1.5000000000000002 7.5000000000000009 0.064999999478459372 2.5000000000000004 1.5000000000000002 5.5000000000000009 0.050000002607703216 2.1360211372375493 0.14933174103498462 1.5000000000000002
decision_type=10 2 2 2 2 10 2 8 2 2 2 2 8 8 2 2 8 2 2 2 2 2 10 2 2 2 2 2 2 2
left_child=5 2 10 4 -4 8 9 -3 12 -7 -2 16 14 -6 20 19 -12 24 -8 -10 21 -1 25 -24 -17 -21 -27 -19 -9 -29
right_child=1 7 3 -5 13 6 18 28 15 -11 11 -13 -14 -15 -16 17 -18 27 -20 22 -22 -23 23 -25 -26 26 -28 29 -30 -31
leaf_value=-5.1650359257202307 -5.1435160218562643 -5.2421823867180457 -5.0315988456900387 -5.1795785989104139 -5.0038484606994187 -5.1606532103179736 -5.2520168730685306 -5.2306991278610209 -5.2749025107792988 -4.825690596195348 -4.5653065325103599 -5.2660829051585107 -5.2102572795017963 -4.0163016500702255 -5.2098497757042166 -4.7132448017880249 -5.0634514657499494 -5.2467060558872385 -5.1487018182154376 -5.251979180224942 -5.2180632854890288 -4.6711131481883683 -5.2738458322070514 -4.8450431216049008 -5.268624594815968 -4.9083143500076334 -5.2114746638021368 -4.9319717155013114 -4.7131693476730732 -5.2723822330460859
leaf_weight=1.2322439253330228 5.3756641242653149 47.764855155721307 1.5608423054218263 1.5505736060440529 0.87283944711089356 11.572824198752643 53.843925187364221 0.57504716515541021 2905.2666371073574 6.5462958533316842 3.8867027144879103 1.5916484035551546 20.039366835728288 11.203151021152731 3.7429409231990576 0.5134349688887585 2.4850252494215965 11.054254880174993 18.570942824706435 74.735594071447849 1.2065721768885849 2.2437108140438817 1.6070514526218169 0.97039209119975556 0.55450976639986038 0.9293172936886539 4.1382858492434025 1.288721771910786 1.4632896613329647 1.1911691278219221
leaf_count=240 1047 9303 304 302 170 2254 10487 112 565849 1275 757 310 3903 2182 729 100 484 2153 3617 14556 235 437 313 189 108 181 806 251 285 232
internal_value=-5.26159 -4.96339 -4.53985 -4.24371 -4.15016 -5.26917 -5.18192 -5.21542 -5.2718 -5.02317 -4.92448 -4.80628 -5.14105 -4.06252 -4.99933 -5.27308 -4.70637 -5.1508 -5.22435 -5.27371 -4.86975 -4.78555 -5.23214 -5.04113 -4.86564 -5.24096 -5.10684 -5.19899 -4.801 -5.05164
internal_weight=3199.58 78.3296 28.5264 15.1874 13.6368 3121.25 90.534 49.8032 3030.71 18.1191 13.339 7.96338 28.4648 12.076 8.42547 3002.25 6.37173 14.6021 72.4149 2987.65 4.68253 3.47595 82.3806 2.57744 1.06794 79.8032 5.0676 13.5341 2.03834 2.47989
internal_count=623171 15256 5556 2958 2656 607915 17633 9700 590282 3529 2598 1551 5544 2352 1641 584738 1241 2844 14104 581894 912 677 16045 502 208 15543 987 2636 397 483
is_linear=0
shrinkage=1


Tree=1
num_leaves=31
num_cat=0
split_feature=32 34 30 29 32 27 27 36 36 32 6 23 30 26 27 30 28 27 29 3 30 28 28 36 29 30 38 22 29 6
split_gain=12554.4 3259.16 3944.71 2702.65 2143.92 1545.91 1438.58 1699.63 1009.32 1515.57 844.172 789.892 669.353 575.979 539.426 489.354 532.794 450.023 335.994 332.853 327.662 664.84 382.599 324.81 405.154 323.096 297.535 367.734 290.178 315.445
threshold=0.18500000238418582 1.5000000000000002 202.50000000000003 10.500000000000002 1.3450000286102297 144.50000000000003 44.500000000000007 1.5000000000000002 71.500000000000014 0.18500000238418582 16.500000000000004 -1.0000000180025095e-35 655.50000000000011 0.034999999217689044 21.500000000000004 235.50000000000003 47.500000000000007 101.50000000000001 4.5000000000000009 1.5000000000000002 655.50000000000011 237.50000000000003 58.500000000000007 1.5000000000000002 1.0000000180025095e-35 821.50000000000011 1.0000000180025095e-35 5.5000000000000009 38.500000000000007 10.500000000000002
decision_type=10 2 2 2 10 2 2 2 2 8 2 8 2 8 2 2 2 2 2 2 2 2 2 2 2 2 2 2 2 2
left_child=5 2 18 15 14 10 7 20 -7 12 13 -3 -10 19 -5 16 -4 -8 -2 28 21 22 -6 24 -17 -22 -12 -28 29 -1
right_child=1 11 3 4 6 8 17 -9 9 -11 26 -13 -14 -15 -16 23 -18 -19 -20 -21 25 -23 -24 -25 -26 -27 27 -29 -30 -31
leaf_value=0.14382378020646003 0.13595670271627794 0.3503542127989705 -0.0095789809397696067 0.11689404702781847 0.34909493752014137 0.021482810023243735 0.035777309251856876 0.72207015241822936 0.22537277100391639 0.039593437616956363 -0.012527543630234226 0.025101173024252989 0.83779491838177489 0.033263615280606541 0.38335630831786666 0.41691668495565531 0.55627378815825002 0.38581388713884407 0.012877820900033907 0.028187145812441906 -0.014539088856352409 0.64705634472039053 -0.0078597305230168318 0.067980066944424059 -0.0033226757365846689 0.29250970577419821 0.013031918142117443 0.1689195674736774 -0.0098808771043424545 0.52059574534287345
leaf_weight=2.9040265404619277 14.121729991864411 2.1851780847646296 0.90905646979809107 11.697922341991214 1.4917162107303776 9.100749817676844 3.9967467994429162 14.194993763230741 2.585120955482124 4.3621019320562482 2916.5034970361739 52.083886528853327 1.3313306835480032 19.611621702089906 4.0061900801956645 1.6537710037082463 1.186114910058677 1.5614988738670943 22.040114919189364 2.728222934063524 2.4980497057549655 2.236945919226855 2.2360066105611622 19.401201833039522 1.3787424415349958 1.8139529698528347 81.687551573384553 5.5601667603477827 0.96242014365270723 1.8481671684421614
leaf_count=426 2497 287 161 1822 177 1703 299 1171 455 850 574861 9701 191 3621 547 122 154 117 4010 456 145 143 162 1955 156 122 15615 969 141 253
internal_value=-0.000193014 0.171544 0.235414 0.32186 0.41198 -0.00929695 0.510798 0.576444 0.17359 0.320467 -0.0104022 0.0442998 0.561618 0.096906 0.20375 0.144274 0.386987 0.177949 0.0633071 0.225561 0.3291 0.421972 0.178608 0.10606 0.27241 0.145378 -0.0114364 0.024768 0.301558 0.355384
internal_weight=3209.88 160.694 106.425 70.2629 45.734 3049.18 30.0299 24.4717 17.3793 8.27855 3031.81 54.2691 3.91645 28.0545 15.7041 24.5289 2.09517 5.55825 36.1618 8.44284 10.2767 5.96467 3.72772 22.4337 3.03251 4.312 3003.75 87.2477 5.71461 4.75219
internal_count=623289 23748 13760 7253 4705 599541 2336 1920 3199 1496 596342 9988 646 4897 2369 2548 315 416 6507 1276 749 482 339 2233 278 267 591445 16584 820 679
is_linear=0
shrinkage=0.02


Tree=2
num_leaves=31
num_cat=0
split_feature=32 35 28 27 29 6 28 23 28 30 32 28 26 28 18 34 38 11 30 30 41 30 30 21 23 29 28 14 20 30
split_gain=10466.3 2166.12 1849.69 1301.69 953.908 816.048 805.785 696.666 660.305 580.72 647.13 642.819 529.471 429.368 404.069 386.429 366.121 367.015 351.389 340.314 378.172 302.538 541.327 300.436 339.966 287.427 278.535 325.02 261.935 290.976
threshold=0.17500000447034839 1.5000000000000002 47.500000000000007 90.500000000000014 16.500000000000004 20.500000000000004 54.500000000000007 -1.0000000180025095e-35 55.500000000000007 536.50000000000011 -1.0000000180025095e-35 11046.000000000002 0.034999999217689044 1032.0000000000002 159.92857360839847 1.5000000000000002 1.0000000180025095e-35 1.0000000180025095e-35 516.50000000000011 289.50000000000006 3.5000000000000004 129.50000000000003 42.500000000000007 1.0000000180025095e-35 0.10914950072765352 1.0000000180025095e-35 124.50000000000001 1.5000000000000002 2.5002423524856572 229.50000000000003
decision_type=10 2 2 2 2 2 2 8 2 2 10 2 8 2 2 2 2 2 2 2 2 2 2 2 10 2 2 2 2 2
left_child=3 2 19 5 6 12 -4 -3 -6 11 -11 -5 14 18 15 21 17 -8 26 23 -21 22 -1 -2 -25 -18 27 -10 -7 -30
right_child=1 7 4 9 8 28 16 -9 13 10 -12 -13 -14 -15 -16 -17 25 -19 -20 20 -22 -23 -24 24 -26 -27 -28 -29 29 -31
leaf_value=0.10053996278725703 0.0068406683363265277 0.29297458631967788 0.45263621355134509 0.021709944982990739 -0.014530161355156309 -0.013064707696557952 0.14698992078406217 0.026299473285980483 0.13084330607240602 0.039292914206215619 0.39108869026536092 0.42400735113366744 0.025988133237528705 0.0013843163507288689 0.013116235176989285 -0.012341025406030073 0.36604788798119375 0.0083340353622004294 0.36435704130271751 0.38611280772007145 -0.0042154692334487823 0.10849251946306905 0.61844488352918869 0.044043949205999855 0.23162017112718719 0.0069884250665110514 0.077299932548551081 0.36824990051668965 0.0047351868727948812 0.095709885375214146
leaf_weight=1.8173054098151609 22.747911397367716 3.2152376482263207 2.4263658672571173 18.130742765963085 2.5741729591973117 2829.8626043172553 18.004096345044676 60.622357746120542 5.8882973832078296 3.7155860606580973 4.640682877507059 0.75646929582580824 22.863751981407404 1.7704931069165457 3.8138247402384877 1.5838516056537626 2.8834271216765037 12.976614743005483 31.528567689470947 1.7566294190473848 1.5183563595637677 2.7315745349042118 1.693470499012619 10.844628571067007 5.5943895531818262 1.2089030980132518 5.1452714540064326 6.2047136467881501 106.10240870341659 15.23364592110738
leaf_count=188 4092 302 249 3300 341 563830 1354 10945 817 701 510 111 4155 132 569 257 257 1185 1519 176 207 332 195 1719 897 124 424 373 21087 2953
internal_value=-0.000160351 0.14073 0.186439 -0.00941187 0.237211 -0.0106868 0.153191 0.0440422 0.292606 0.125742 0.255582 0.0583331 0.084647 0.308229 0.188695 0.263078 0.120501 0.090989 0.319117 0.0751298 0.246493 0.325014 0.43208 0.0550311 0.1175 0.282181 0.220934 0.271475 -0.0118297 0.016846
internal_weight=3209.86 196.91 133.073 3012.95 90.6109 2985.7 37.4994 63.8376 53.1115 27.2435 8.35627 18.8872 34.5038 50.5373 11.64 7.8262 35.073 30.9807 48.7669 42.4619 3.27499 6.24235 3.51078 39.1869 16.439 4.09233 17.2383 12.093 2951.2 121.336
internal_count=623301 25113 13866 598188 6775 593566 3169 11247 3606 4622 1211 3411 5696 3265 1541 972 2920 2539 3133 7091 383 715 383 6708 2616 381 1614 1190 587870 24040
is_linear=0
shrinkage=0.02


Tree=3
num_leaves=31
num_cat=0
split_feature=36 35 27 30 41 22 6 30 30 23 21 29 23 26 30 27 38 27 27 30 41 27 34 38 38 29 17 20 30 30
split_gain=8171.89 2125.88 1390.18 1011.68 1036.93 1103.88 904.074 810.807 657.552 642.49 646.865 629.779 601.252 482.823 474.043 470.244 442.616 418.317 553.266 403.595 461.646 387.043 330.372 281.964 253.573 247.5 261.752 247.384 242.547 672.524
threshold=6.5000000000000009 1.5000000000000002 49.500000000000007 397.50000000000006 544.50000000000011 9.5000000000000018 20.500000000000004 425.50000000000006 655.50000000000011 0.11402845010161401 2.5000000000000004 10.500000000000002 -1.0000000180025095e-35 0.034999999217689044 245.50000000000003 4088.5000000000005 1.0000000180025095e-35 46.500000000000007 101.50000000000001 212.50000000000003 1.5000000000000002 50.500000000000007 1.5000000000000002 1.0000000180025095e-35 1.0000000180025095e-35 3.5000000000000004 348.50000000000006 3.7126922607421879 146.50000000000003 150.50000000000003
decision_type=2 2 2 2 2 2 2 2 2 10 2 2 8 8 2 2 2 2 2 2 2 2 2 2 2 2 2 2 2 2
left_child=1 11 6 15 -5 7 13 -6 -9 23 27 16 -3 22 -13 21 19 -16 -19 -1 -21 -4 24 -8 25 -2 -27 -11 -25 -30
right_child=2 12 3 4 5 -7 9 8 -10 10 -12 14 -14 -15 17 -17 -18 18 -20 20 -22 -23 -24 28 -26 26 -28 -29 29 -31
leaf_value=0.22951061605457901 0.067118922316576402 0.2576934722997446 0.26691364019893293 0.0020326520018662613 0.78113008820401775 -0.015840554756828499 -0.012990183961368173 0.061189671778464717 0.39288765788038699 0.011992975828598236 0.19783276114919132 0.0086631264988047286 0.020557077385678659 0.031450204406461596 0.26047010623879102 0.30569458661696713 0.28070176560945492 -0.0074771855358093066 0.28018177850968579 0.21195881910810388 -0.0071411080084792054 -0.00339092677599821 -0.014659989328174599 -0.011964101073778346 -0.011956372489229081 0.37867452634868093 0.033002741960711943 0.19093892472617249 0.40271380747452823 0.03710406551371763
leaf_weight=4.6058230940252605 2.6653733742423338 3.6771658752113581 1.2300818348303426 8.0332662183791399 1.0219764597713936 3.7157217706553647 2795.0203309422359 4.4121289970353228 5.6304052015766501 48.213970378041267 9.368036790750919 3.8521645097061983 53.093225340358913 24.212227203883231 56.963833509478718 1.2711493610404421 4.4476070869714013 6.7152721984311921 3.3901676489040256 3.8207777072675553 18.740985246375203 42.0664231502451 2.6790156201459459 40.767550086136907 1.4562684311531473 5.1163430330343544 1.2602119976654647 2.3169210292398921 1.1287919464521099 44.792891378514469
leaf_count=457 253 244 216 1415 171 726 563682 733 362 8752 1277 400 9440 4241 2168 123 285 345 135 234 1474 7856 436 7739 192 449 183 358 203 8229
internal_value=8.91045e-05 0.139271 -0.00723256 0.081934 0.187258 0.281422 -0.00927622 0.374288 0.265896 -0.0105313 0.0537725 0.193254 0.0401118 0.0871682 0.226806 0.0250942 0.113339 0.239024 0.105566 0.0769477 0.037384 0.0101408 0.180107 -0.0118861 0.226761 0.26257 0.324094 0.023744 0.0234542 0.0544822
internal_weight=3205.69 159.307 3046.38 67.3812 22.8135 14.7802 2979 11.0645 10.0425 2941.61 59.8989 102.537 56.7704 37.3894 70.9214 44.5677 31.6152 67.0693 10.1054 27.1676 22.5618 43.2965 13.1772 2881.71 10.4982 9.04193 6.37656 50.5309 86.6892 45.9217
internal_count=622778 15182 607596 11602 3407 1992 595994 1266 1095 590240 10387 5498 9684 5754 3048 8195 2450 2648 480 2165 1708 8072 1513 579853 1077 885 632 9110 16171 8432
is_linear=0
shrinkage=0.02


Tree=4
num_leaves=31
num_cat=0
split_feature=32 27 35 28 6 32 29 3 28 27 27 28 28 27 27 20 30 28 30 27 27 27 27 28 28 29 19 40 6 28
split_gain=7633.88 1167.5 1134.81 828.888 661.996 379.656 325.741 315.015 303.419 548.009 336.559 399.455 488.529 294.125 341.763 280.385 276.602 271.972 478.484 297.931 263.697 476.461 260.23 476.466 256.805 271.974 243.983 217.765 341.711 215.831
threshold=0.17500000447034839 90.500000000000014 1.5000000000000002 47.500000000000007 20.500000000000004 2.5449999570846562 48.500000000000007 1.5000000000000002 56.500000000000007 1.0000000180025095e-35 2.5000000000000004 112.50000000000001 392.00000000000006 6.5000000000000009 35.500000000000007 2.4507402181625371 229.50000000000003 20443.000000000004 412.50000000000006 196.00000000000003 53.500000000000007 101.50000000000001 1.0000000180025095e-35 298.50000000000006 157.50000000000003 252.50000000000003 83.083332061767592 1.5000000000000002 7.5000000000000009 76.500000000000014
decision_type=10 2 2 2 2 10 2 2 2 2 2 2 2 2 2 2 2 2 2 2 2 2 2 2 2 2 2 2 2 2
left_child=1 4 3 26 7 -4 8 27 9 -5 22 -12 -13 -8 -15 -6 -17 18 -3 24 -16 -22 23 29 -20 -26 -2 28 -1 -10
right_child=2 17 5 6 15 -7 13 -9 10 -11 11 12 -14 14 20 16 -18 -19 19 -21 21 -23 -24 -25 25 -27 -28 -29 -30 -31
leaf_value=0.03603443817472006 0.11777305151073166 0.0099578084460937629 0.020997422652108067 0.34417659430155795 -0.012879235091789284 0.18179720264896138 0.29038057553337443 0.0033628103459125659 0.15247656292205014 -0.013946478311033945 0.0044063658091521634 0.28292862322077539 0.011593660863790401 0.036953343351028879 0.28030024219419786 0.0052735007390869405 0.088893567101839224 0.33116689779333291 -0.010935921629428648 0.073596469871507628 0.018161297804191602 0.2513388052799837 -0.0081306438932212659 0.19559202537035869 0.084768164188828876 0.39360688536058219 0.024762413424101161 -0.016033559016897219 0.21078077562823205 0.034354476954443304
leaf_weight=7.903045402374123 17.551601588260382 16.291241527535021 62.723186826333404 5.5287669063545755 2758.0661485954188 5.5311120110563925 12.997357457410542 16.882972601801157 7.4395650359801939 2.2128357677720487 3.8559512328356531 12.957272042520346 3.3859930308535686 7.3414928806014386 9.424843050073834 109.34767481172457 17.530752266291529 1.1630584020167578 1.190636782906952 9.2134126187302154 7.8136997474357468 5.617901302408427 8.6740300315432233 16.371516070328653 2.4327986091375351 3.5414346996694803 30.633501929230988 3.9162539956159881 11.030313252005726 26.724758393596858
leaf_count=1211 2109 2833 10812 372 562914 373 319 2782 500 228 337 472 291 450 321 21804 3054 76 206 926 438 203 470 523 366 261 5050 646 1081 1697
internal_value=-0.000118265 -0.00904637 0.106518 0.132948 -0.0104139 0.036465 0.159122 0.0696712 0.133655 0.251926 0.119135 0.189684 0.230623 0.206318 0.161989 -0.0115406 0.0174321 0.106072 0.0884607 0.16148 0.198919 0.126348 0.0923167 0.109381 0.251636 0.29803 0.0603476 0.116469 0.143306 0.0636812
internal_weight=3205.3 2958.51 246.785 178.531 2924.68 68.2543 130.346 39.7326 87.1507 7.7416 79.4091 20.1992 16.3433 43.1953 30.1979 2884.94 126.878 33.8326 32.6695 16.3783 22.8564 13.4316 59.2099 50.5358 7.16487 5.97423 48.1851 22.8496 18.9334 34.1643
internal_count=623125 598160 24965 13780 593492 11185 6621 5720 4890 600 4290 1100 763 1731 1412 587772 24858 4668 4592 1759 962 641 3190 2720 833 627 7159 2938 2292 2197
is_linear=0
shrinkage=0.02


end of trees

feature_importances:
node_power_7=23
node_faults_7=20
node_faults_1=19
num_max_7=11
node_power_1=10
days_since_fault=9
events_mean_7=6
readings_ratio=5
num_avg_1=5
silent_days_7=4
num_range_1=4
high_days_30=4
exceed_days_90=4
days_since_exceed=4
unknown_30=3
readings_mean_30=3
days_since_msg=3
days_since_alarm=3
faults_90=2
alarms_30=2
alarms_7=1
readings_1=1
readings_mean_7=1
num_max_1=1
num_max_trend=1
alarm_days_30=1

parameters:
[boosting: gbdt]
[objective: binary]
[metric: average_precision]
[tree_learner: serial]
[device_type: cpu]
[data_sample_strategy: bagging]
[data: ]
[valid: ]
[num_iterations: 2000]
[learning_rate: 0.02]
[num_leaves: 31]
[num_threads: 4]
[seed: 42]
[deterministic: 0]
[force_col_wise: 0]
[force_row_wise: 0]
[histogram_pool_size: -1]
[max_depth: -1]
[min_data_in_leaf: 100]
[min_sum_hessian_in_leaf: 0.001]
[bagging_fraction: 0.8]
[pos_bagging_fraction: 1]
[neg_bagging_fraction: 1]
[bagging_freq: 1]
[bagging_seed: 400]
[bagging_by_query: 0]
[feature_fraction: 0.8]
[feature_fraction_bynode: 1]
[feature_fraction_seed: 30056]
[extra_trees: 0]
[extra_seed: 12879]
[early_stopping_round: 0]
[early_stopping_min_delta: 0]
[first_metric_only: 0]
[max_delta_step: 0]
[lambda_l1: 0]
[lambda_l2: 1]
[linear_lambda: 0]
[min_gain_to_split: 0]
[drop_rate: 0.1]
[max_drop: 50]
[skip_drop: 0.5]
[xgboost_dart_mode: 0]
[uniform_drop: 0]
[drop_seed: 17869]
[top_rate: 0.2]
[other_rate: 0.1]
[min_data_per_group: 100]
[max_cat_threshold: 32]
[cat_l2: 10]
[cat_smooth: 10]
[max_cat_to_onehot: 4]
[top_k: 20]
[monotone_constraints: ]
[monotone_constraints_method: basic]
[monotone_penalty: 0]
[feature_contri: ]
[forcedsplits_filename: ]
[refit_decay_rate: 0.9]
[cegb_tradeoff: 1]
[cegb_penalty_split: 0]
[cegb_penalty_feature_lazy: ]
[cegb_penalty_feature_coupled: ]
[path_smooth: 0]
[interaction_constraints: ]
[verbosity: -1]
[saved_feature_importance_type: 0]
[use_quantized_grad: 0]
[num_grad_quant_bins: 4]
[quant_train_renew_leaf: 0]
[stochastic_rounding: 1]
[linear_tree: 0]
[max_bin: 255]
[max_bin_by_feature: ]
[min_data_in_bin: 3]
[bin_construct_sample_cnt: 200000]
[data_random_seed: 175]
[is_enable_sparse: 1]
[enable_bundle: 1]
[use_missing: 1]
[zero_as_missing: 0]
[feature_pre_filter: 1]
[pre_partition: 0]
[two_round: 0]
[header: 0]
[label_column: ]
[weight_column: ]
[group_column: ]
[ignore_column: ]
[categorical_feature: 42,43]
[forcedbins_filename: ]
[precise_float_parser: 0]
[parser_config_file: ]
[objective_seed: 16083]
[num_class: 1]
[is_unbalance: 0]
[scale_pos_weight: 1]
[sigmoid: 1]
[boost_from_average: 1]
[reg_sqrt: 0]
[alpha: 0.9]
[fair_c: 1]
[poisson_max_delta_step: 0.7]
[tweedie_variance_power: 1.5]
[lambdarank_truncation_level: 30]
[lambdarank_norm: 1]
[label_gain: ]
[lambdarank_position_bias_regularization: 0]
[eval_at: ]
[multi_error_top_k: 1]
[auc_mu_weights: ]
[num_machines: 1]
[local_listen_port: 12400]
[time_out: 120]
[machine_list_filename: ]
[machines: ]
[gpu_platform_id: -1]
[gpu_device_id: -1]
[gpu_device_id_list: ]
[gpu_use_dp: 0]
[num_gpu: 1]

end of parameters

pandas_categorical:null
